03/15/2021-16:15:46.086814-4033,4020,4035,2065,2064,1927,0,
03/15/2021-16:15:47.100988-4034,4020,4035,2065,2064,1928,0,
03/15/2021-16:15:48.114284-3640,3595,4017,2065,2064,1930,0,
03/15/2021-16:15:49.118159-3641,3595,4016,2064,2064,1929,0,
03/15/2021-16:15:50.144803-3640,3597,4017,2065,2064,1928,0,
03/15/2021-16:15:51.165006-3640,3595,4016,2064,2064,1927,0,
03/15/2021-16:15:52.199750-3640,3595,4016,2064,2064,1925,0,
03/15/2021-16:15:53.203772-4032,4022,4034,2064,2065,1926,0,
03/15/2021-16:15:54.207420-4033,4019,4034,2063,2064,1928,0,
03/15/2021-16:15:55.212930-4032,4020,4034,2065,2064,1925,0,
03/15/2021-16:15:56.231204-4033,4021,4032,2064,2065,1926,0,
03/15/2021-16:15:57.253372-4033,4020,4037,2065,2064,1927,0,
03/15/2021-16:15:58.258141-4032,4021,4035,2064,2064,1928,0,
03/15/2021-16:15:59.269592-3638,3596,4020,2064,2064,1928,0,
03/15/2021-16:16:00.284389-3640,3597,4016,2065,2064,1929,0,
03/15/2021-16:16:01.304126-3640,3597,4014,2064,2064,1928,0,
03/15/2021-16:16:02.323939-3640,3597,4015,2065,2064,1927,0,
03/15/2021-16:16:03.345254-3640,3597,4019,2064,2064,1926,0,
03/15/2021-16:16:04.349510-3641,3597,4017,2065,2064,1928,0,
03/15/2021-16:16:05.354299-4033,4021,4035,2064,2064,1929,0,
03/15/2021-16:16:06.358761-4032,4021,4035,2064,2064,1925,0,
03/15/2021-16:16:07.361768-4033,4022,4034,2064,2064,1927,0,
03/15/2021-16:16:08.390777-4033,4021,4035,2065,2064,1928,0,
03/15/2021-16:16:09.396194-4032,4021,4037,2064,2064,1925,0,
03/15/2021-16:16:10.414453-4032,4021,4033,2065,2064,1927,0,
03/15/2021-16:16:11.432835-3641,3598,4016,2065,2065,1926,0,
03/15/2021-16:16:12.452735-3641,3596,4017,2065,2064,1929,0,
03/15/2021-16:16:13.457067-3639,3598,4017,2065,2065,1928,0,
03/15/2021-16:16:14.461343-3640,3597,4018,2064,2065,1927,0,
03/15/2021-16:16:15.497906-3641,3597,4014,2065,2064,1927,0,
03/15/2021-16:16:16.518605-4033,4021,4034,2065,2065,1926,0,
03/15/2021-16:16:17.523999-4032,4021,4034,2065,2065,1928,0,
03/15/2021-16:16:18.527911-4033,4021,4036,2065,2064,1926,0,
03/15/2021-16:16:19.532061-4032,4021,4034,2064,2064,1927,0,
03/15/2021-16:16:20.548076-4032,4021,4032,2064,2064,1929,0,
03/15/2021-16:16:21.559075-4032,4022,4033,2065,2064,1928,0,
03/15/2021-16:16:22.562489-3641,3596,4016,2065,2064,1927,0,
03/15/2021-16:16:23.565604-3640,3598,4015,2064,2065,1927,0,
03/15/2021-16:16:24.570103-3641,3597,4014,2065,2065,1929,0,
03/15/2021-16:16:25.574282-3641,3596,4016,2064,2064,1931,0,
03/15/2021-16:16:26.603041-3641,3596,4016,2065,2065,1925,0,
03/15/2021-16:16:27.623744-3639,3595,4019,2064,2063,1927,0,
03/15/2021-16:16:28.629177-4034,4020,4034,2065,2064,1927,0,
03/15/2021-16:16:29.634875-4033,4021,4034,2065,2065,1927,0,
03/15/2021-16:16:30.669590-4032,4021,4034,2065,2065,1927,0,
03/15/2021-16:16:31.684755-4033,4021,4037,2065,2065,1929,0,
03/15/2021-16:16:32.703835-4033,4021,4034,2065,2065,1930,0,
03/15/2021-16:16:33.726753-4032,4021,4034,2065,2064,1927,0,
03/15/2021-16:16:34.740805-4033,4020,4036,2064,2063,1927,0,
03/15/2021-16:16:35.760821-4033,4022,4033,2065,2065,1928,0,
03/15/2021-16:16:36.769499-4032,4022,4035,2064,2064,1928,0,
03/15/2021-16:16:37.773964-4033,4021,4032,2065,2064,1928,0,
03/15/2021-16:16:38.810342-4033,4020,4036,2064,2064,1928,0,
03/15/2021-16:16:39.814970-4033,4021,4034,2065,2064,1928,0,
03/15/2021-16:16:40.819407-4033,4020,4034,2065,2064,1925,0,
03/15/2021-16:16:41.823063-4032,4021,4035,2064,2065,1928,0,
03/15/2021-16:16:42.827561-4033,4021,4033,2066,2065,1929,0,
03/15/2021-16:16:43.841964-4033,4021,4035,2064,2064,1928,0,
03/15/2021-16:16:44.855832-4033,4021,4033,2066,2065,1928,0,
03/15/2021-16:16:45.871652-4033,4021,4035,2064,2065,1928,0,
03/15/2021-16:16:46.875880-4032,4021,4035,2065,2065,1927,0,
03/15/2021-16:16:47.879388-4032,4022,4034,2065,2065,1929,0,
