03/16/2021-11:15:15.033307-3728,3620,4020,0,1,1956,0,
03/16/2021-11:15:16.036551-3728,3620,4019,1,1,1955,0,
03/16/2021-11:15:17.057979-3727,3619,4019,0,1,1955,0,
03/16/2021-11:15:18.074522-3727,3619,4019,1,1,1955,0,
03/16/2021-11:15:19.078716-3725,3620,4018,0,1,1956,0,
03/16/2021-11:15:20.083866-3727,3619,4021,0,1,1956,0,
03/16/2021-11:15:21.103907-3727,3619,4020,0,1,1956,0,
03/16/2021-11:15:22.107974-3728,3621,4020,0,1,1770,19,
03/16/2021-11:15:23.110081-3731,3621,4022,0,1,1770,19,
03/16/2021-11:15:24.115250-3731,3621,4021,0,1,1771,17,
03/16/2021-11:15:25.119805-3730,3621,4021,0,0,1774,18,
03/16/2021-11:15:26.154723-3734,3620,2151,141,6,1569,19,
03/16/2021-11:15:27.164517-3734,3620,2154,141,6,1569,19,
03/16/2021-11:15:28.188376-3733,3619,2153,141,6,1569,16,
03/16/2021-11:15:29.211792-3734,3619,2155,140,5,1569,17,
03/16/2021-11:15:30.232480-3734,3621,2154,141,6,1568,16,
03/16/2021-11:15:31.235536-3734,3620,2156,140,5,1568,19,
03/16/2021-11:15:32.240205-3734,3620,2155,140,6,1568,16,
03/16/2021-11:15:33.244052-3735,3621,2155,141,6,1567,18,
03/16/2021-11:15:34.264567-3734,3620,2157,141,5,1569,17,
03/16/2021-11:15:35.267176-3733,3619,2158,141,5,1569,16,
03/16/2021-11:15:36.272454-3740,3625,2178,408,5,1569,19,
03/16/2021-11:15:37.276519-3739,3626,2176,408,4,1568,18,
03/16/2021-11:15:38.279066-3739,3624,2176,408,6,1569,19,
03/16/2021-11:15:39.317467-3739,3626,2175,407,5,1570,19,
03/16/2021-11:15:40.332524-3738,3626,2176,407,5,1568,17,
03/16/2021-11:15:41.337125-3740,3624,2178,407,5,1570,17,
03/16/2021-11:15:42.342282-3739,3625,2176,407,5,1569,18,
03/16/2021-11:15:43.377657-3739,3625,2176,407,5,1569,20,
03/16/2021-11:15:44.381639-3741,3626,2177,407,5,1568,17,
03/16/2021-11:15:45.386388-3739,3624,2176,407,5,1566,16,
03/16/2021-11:15:46.389511-3740,3625,2177,407,5,1568,16,
03/16/2021-11:15:47.393857-3744,3629,2195,596,5,1568,18,
03/16/2021-11:15:48.428481-3745,3630,2198,659,4,1569,19,
03/16/2021-11:15:49.432809-3745,3630,2198,659,6,1569,18,
03/16/2021-11:15:50.445565-3746,3629,2199,658,5,1568,15,
03/16/2021-11:15:51.455081-3746,3629,2200,657,5,1569,19,
03/16/2021-11:15:52.490227-3746,3630,2199,658,5,1569,18,
03/16/2021-11:15:53.494396-3745,3630,2199,658,5,1570,18,
03/16/2021-11:15:54.498940-3746,3630,2199,657,4,1568,17,
03/16/2021-11:15:55.503208-3747,3631,2200,657,5,1568,17,
03/16/2021-11:15:56.522462-3746,3630,2199,657,5,1569,17,
03/16/2021-11:15:57.542645-3746,3630,2198,657,5,1566,17,
03/16/2021-11:15:58.545898-3746,3631,2200,656,4,1567,19,
03/16/2021-11:15:59.551283-3745,3630,2200,656,5,1570,17,
03/16/2021-11:16:00.554285-3746,3631,2202,654,4,1568,15,
03/16/2021-11:16:01.574565-3741,3626,2184,404,5,1569,18,
03/16/2021-11:16:02.592037-3740,3625,2183,404,4,1568,17,
03/16/2021-11:16:03.595735-3739,3626,2182,404,5,1568,17,
03/16/2021-11:16:04.600362-3741,3626,2183,404,5,1568,17,
03/16/2021-11:16:05.621054-3740,3628,2182,404,6,1569,16,
03/16/2021-11:16:06.640115-3740,3628,2184,403,5,1568,18,
03/16/2021-11:16:07.644012-3740,3627,2185,404,5,1570,18,
03/16/2021-11:16:08.647962-3740,3628,2183,404,5,1568,17,
03/16/2021-11:16:09.652255-3740,3626,2186,403,4,1566,16,
03/16/2021-11:16:10.687210-3735,3621,2167,139,6,1569,18,
03/16/2021-11:16:11.691367-3735,3622,2167,139,6,1568,19,
03/16/2021-11:16:12.692387-3735,3622,2169,139,5,1569,16,
03/16/2021-11:16:13.711827-3734,3622,2167,139,6,1570,16,
03/16/2021-11:16:14.734291-3735,3623,2169,139,5,1567,18,
03/16/2021-11:16:15.737150-3736,3623,2171,140,6,1569,19,
03/16/2021-11:16:16.742104-3736,3623,2170,139,5,1771,20,
03/16/2021-11:16:17.746078-3727,3624,4019,1,1,1772,19,
03/16/2021-11:16:18.750025-3728,3623,4020,0,0,1771,19,
03/16/2021-11:16:19.785523-3729,3622,4020,1,1,1955,19,
03/16/2021-11:16:20.789084-3728,3622,4021,0,1,1955,19,
03/16/2021-11:16:21.793599-3729,3624,4019,1,1,1955,19,
03/16/2021-11:16:22.809714-3727,3623,4019,0,1,1956,19,
03/16/2021-11:16:23.833809-3728,3624,4021,1,1,1957,19,
