03/15/2021-16:56:47.628569-3724,3621,4022,2073,2067,1955,0,
03/15/2021-16:56:48.631964-3724,3622,4021,2072,2068,1956,0,
03/15/2021-16:56:49.636170-3724,3621,4022,2073,2068,1955,0,
03/15/2021-16:56:50.642788-3723,3621,4021,2073,2068,1956,0,
03/15/2021-16:56:51.662125-3723,3620,4022,2072,2068,1956,0,
03/15/2021-16:56:52.669060-3723,3622,4022,2069,2065,1771,0,
03/15/2021-16:56:53.692247-3727,3623,4022,2070,2068,1769,17,
03/15/2021-16:56:54.695374-3728,3623,4021,2071,2068,1770,19,
03/15/2021-16:56:55.700266-3728,3622,4022,2070,2068,1768,19,
03/15/2021-16:56:56.704897-3728,3623,4021,2071,2068,1768,18,
03/15/2021-16:56:57.709411-3728,3623,4020,2071,2069,1769,18,
03/15/2021-16:56:58.718299-3728,3624,4021,2071,2069,1767,19,
03/15/2021-16:56:59.723624-3727,3624,4021,2071,2069,1768,18,
03/15/2021-16:57:00.743777-3731,3622,2144,2069,2068,1567,17,
03/15/2021-16:57:01.759354-3731,3623,2144,2070,2069,1566,18,
03/15/2021-16:57:02.762671-3731,3622,2144,2070,2069,1567,16,
03/15/2021-16:57:03.780957-3732,3621,2146,2070,2069,1566,17,
03/15/2021-16:57:04.798413-3732,3623,2146,2069,2068,1569,17,
03/15/2021-16:57:05.819562-3732,3623,2148,2069,2068,1564,18,
03/15/2021-16:57:06.824227-3732,3623,2148,2070,2068,1567,19,
03/15/2021-16:57:07.829375-3733,3622,2148,2070,2068,1565,19,
03/15/2021-16:57:08.849672-3731,3623,2148,2068,2068,1315,16,
03/15/2021-16:57:09.870090-3732,3622,2149,2069,2068,1312,16,
03/15/2021-16:57:10.893754-3734,3622,2149,2069,2068,1314,16,
03/15/2021-16:57:11.898490-3732,3624,2150,2069,2069,1315,18,
03/15/2021-16:57:12.901912-3732,3621,2151,2069,2067,1315,17,
03/15/2021-16:57:13.933035-3731,3624,2149,2069,2069,1314,17,
03/15/2021-16:57:14.934613-3732,3623,2149,2069,2068,1314,17,
03/15/2021-16:57:15.939260-3732,3622,2150,2068,2067,1314,18,
03/15/2021-16:57:16.944479-3732,3623,2151,2069,2067,1314,18,
03/15/2021-16:57:17.950145-3733,3623,2152,2070,2069,1567,19,
03/15/2021-16:57:18.977384-3732,3622,2150,2070,2068,1568,17,
03/15/2021-16:57:19.997753-3732,3621,2151,2069,2068,1568,16,
03/15/2021-16:57:21.017984-3731,3622,2152,2069,2069,1567,16,
03/15/2021-16:57:22.038153-3731,3622,2150,2070,2069,1569,19,
03/15/2021-16:57:23.042752-3731,3622,2152,2070,2070,1566,17,
03/15/2021-16:57:24.048229-3731,3623,2150,2070,2069,1565,17,
03/15/2021-16:57:25.053650-3738,3627,2170,2070,2069,1567,18,
03/15/2021-16:57:26.071114-3738,3627,2169,2070,2069,1565,17,
03/15/2021-16:57:27.093814-3737,3627,2169,2070,2068,1564,17,
03/15/2021-16:57:28.116348-3738,3627,2170,2070,2068,1566,18,
03/15/2021-16:57:29.152912-3737,3627,2172,2070,2069,1567,20,
03/15/2021-16:57:30.158880-3738,3627,2173,2070,2068,1563,16,
03/15/2021-16:57:31.164658-3738,3628,2171,2070,2068,1564,18,
03/15/2021-16:57:32.169538-3737,3628,2170,2070,2069,1565,18,
03/15/2021-16:57:33.174980-3738,3626,2172,2070,2069,1567,19,
03/15/2021-16:57:34.179597-3738,3627,2171,2070,2069,1567,16,
03/15/2021-16:57:35.200175-3737,3627,2171,2069,2069,1567,18,
03/15/2021-16:57:36.220995-3738,3627,2172,2070,2069,1565,18,
03/15/2021-16:57:37.226768-3738,3627,2172,2070,2068,1566,18,
03/15/2021-16:57:38.238616-3739,3627,2173,2069,2068,1567,18,
03/15/2021-16:57:39.252232-3737,3628,2171,2070,2069,1568,17,
03/15/2021-16:57:40.256033-3738,3628,2173,2069,2068,1569,17,
03/15/2021-16:57:41.275130-3738,3626,2172,2070,2069,1564,18,
03/15/2021-16:57:42.279419-3739,3627,2173,2070,2068,1566,18,
03/15/2021-16:57:43.290329-3743,3632,2190,2070,2069,1565,18,
03/15/2021-16:57:44.326851-3743,3632,2191,2070,2068,1565,18,
03/15/2021-16:57:45.330453-3743,3631,2191,2070,2069,1565,17,
03/15/2021-16:57:46.336724-3744,3632,2192,2070,2069,1564,19,
03/15/2021-16:57:47.342431-3744,3632,2192,2070,2068,1568,18,
03/15/2021-16:57:48.347889-3745,3633,2191,2071,2069,1568,18,
03/15/2021-16:57:49.366996-3744,3632,2191,2070,2069,1568,18,
03/15/2021-16:57:50.388304-3743,3633,2193,2070,2069,1565,16,
03/15/2021-16:57:51.392736-3743,3633,2192,2070,2069,1565,18,
03/15/2021-16:57:52.395754-3744,3633,2195,2070,2068,1568,19,
03/15/2021-16:57:53.399494-3744,3633,2195,2069,2068,1313,18,
03/15/2021-16:57:54.419550-3744,3633,2194,2069,2068,1313,18,
03/15/2021-16:57:55.439290-3745,3633,2194,2069,2068,1314,18,
03/15/2021-16:57:56.450816-3744,3633,2195,2070,2068,1314,16,
03/15/2021-16:57:57.487201-3745,3633,2196,2069,2068,1313,19,
03/15/2021-16:57:58.491196-3743,3634,2195,2069,2067,1315,17,
03/15/2021-16:57:59.495837-3743,3634,2195,2069,2067,1316,16,
03/15/2021-16:58:00.511638-3745,3633,2196,2070,2068,1311,16,
03/15/2021-16:58:01.535349-3745,3633,2196,2069,2067,1313,19,
03/15/2021-16:58:02.537917-3738,3628,2178,2068,2067,1312,15,
03/15/2021-16:58:03.541394-3739,3628,2179,2069,2067,1316,17,
03/15/2021-16:58:04.546175-3737,3628,2177,2069,2068,1315,17,
03/15/2021-16:58:05.550073-3738,3627,2179,2069,2068,1316,18,
03/15/2021-16:58:06.585443-3737,3628,2176,2069,2068,1315,18,
03/15/2021-16:58:07.591056-3738,3628,2178,2069,2067,1314,17,
03/15/2021-16:58:08.600977-3738,3628,2178,2069,2067,1313,16,
03/15/2021-16:58:09.605829-3738,3629,2179,2069,2068,1314,19,
03/15/2021-16:58:10.626075-3738,3629,2179,2069,2067,1313,17,
03/15/2021-16:58:11.639514-3732,3624,2162,2069,2068,1313,16,
03/15/2021-16:58:12.649494-3733,3623,2163,2069,2068,1314,18,
03/15/2021-16:58:13.686114-3732,3623,2164,2069,2067,1314,17,
03/15/2021-16:58:14.690131-3731,3624,2162,2069,2068,1315,20,
03/15/2021-16:58:15.695846-3733,3623,2163,2069,2067,1314,17,
03/15/2021-16:58:16.699854-3732,3623,2163,2069,2067,1316,17,
03/15/2021-16:58:17.705858-3732,3623,2163,2069,2067,1317,16,
03/15/2021-16:58:18.710315-3732,3623,2163,2069,2069,1314,16,
03/15/2021-16:58:19.730340-3732,3622,2165,2069,2068,1311,16,
03/15/2021-16:58:20.750624-3731,3622,2165,2068,2068,1314,19,
03/15/2021-16:58:21.777444-3732,3623,2165,2068,2068,1313,16,
03/15/2021-16:58:22.797439-3732,3622,2166,2069,2068,1315,17,
03/15/2021-16:58:23.807904-3733,3622,2169,2069,2068,1562,19,
03/15/2021-16:58:24.821816-3732,3623,2167,2069,2069,1567,17,
03/15/2021-16:58:25.826004-3733,3623,2169,2070,2068,1566,17,
03/15/2021-16:58:26.846242-3733,3622,2170,2070,2067,1568,16,
03/15/2021-16:58:27.865457-3734,3622,2168,2070,2068,1567,19,
03/15/2021-16:58:28.869620-3733,3623,2168,2070,2068,1569,17,
03/15/2021-16:58:29.874487-3733,3622,2170,2070,2068,1565,17,
03/15/2021-16:58:30.877799-3732,3623,2170,2070,2069,1567,16,
03/15/2021-16:58:31.896378-3732,3624,2170,2069,2068,1564,18,
03/15/2021-16:58:32.925248-3732,3623,2169,2070,2069,1770,18,
03/15/2021-16:58:33.930946-3724,3622,4022,2068,2063,1770,18,
03/15/2021-16:58:34.951730-3724,3624,4021,2069,2064,1772,18,
03/15/2021-16:58:35.952815-3725,3621,4021,2068,2063,1771,18,
03/15/2021-16:58:36.958602-3724,3622,4021,2068,2064,1771,18,
03/15/2021-16:58:37.963501-3724,3622,4022,2068,2064,1770,18,
03/15/2021-16:58:38.967532-3725,3623,4022,2068,2063,1771,18,
03/15/2021-16:58:40.003364-3725,3623,4021,2068,2064,1770,18,
03/15/2021-16:58:41.008492-3725,3622,4022,2068,2063,1772,18,
03/15/2021-16:58:42.013289-3724,3623,4021,2068,2064,1773,18,
03/15/2021-16:58:43.021012-3724,3623,4022,2068,2064,1771,18,
03/15/2021-16:58:44.048024-3725,3624,4021,2072,2068,1954,18,
03/15/2021-16:58:45.052359-3725,3624,4021,2073,2068,1952,18,
03/15/2021-16:58:46.064501-3725,3623,4022,2073,2067,1955,18,
03/15/2021-16:58:47.079126-3725,3624,4022,2072,2068,1954,18,
03/15/2021-16:58:48.088145-3725,3623,4022,2073,2068,1954,18,
03/15/2021-16:58:49.092493-3725,3623,4023,2072,2067,1955,18,
03/15/2021-16:58:50.097378-3725,3624,4022,2072,2067,1956,18,
03/15/2021-16:58:51.107304-3725,3623,4021,2072,2068,1952,18,
03/15/2021-16:58:52.110332-3724,3623,4022,2072,2068,1955,18,
03/15/2021-16:58:53.118499-3725,3623,4022,2072,2068,1955,18,
03/15/2021-16:58:54.134424-3725,3624,4022,2072,2068,1955,18,
