03/15/2021-16:13:05.822960-3639,3595,4019,2063,2062,1930,0,
03/15/2021-16:13:06.827070-3638,3596,4013,2064,2063,1928,0,
03/15/2021-16:13:07.831893-3638,3595,4018,2063,2062,1927,0,
03/15/2021-16:13:08.837310-3639,3597,4016,2063,2063,1929,0,
03/15/2021-16:13:09.842030-3639,3596,4018,2064,2063,1928,0,
03/15/2021-16:13:10.877670-3639,3596,4015,2063,2062,1927,0,
03/15/2021-16:13:11.882615-3639,3595,4017,2064,2063,1930,0,
03/15/2021-16:13:12.894562-3640,3596,4018,2064,2063,1928,0,
03/15/2021-16:13:13.917594-3639,3595,4018,2063,2062,1929,0,
03/15/2021-16:13:14.941090-3639,3595,4016,2063,2062,1928,0,
03/15/2021-16:13:15.951405-3639,3595,4015,2064,2063,1928,0,
03/15/2021-16:13:16.987716-3639,3595,4017,2064,2062,1928,0,
03/15/2021-16:13:18.009861-3640,3596,4015,2064,2063,1928,0,
03/15/2021-16:13:19.013969-3639,3596,4016,2063,2063,1928,0,
03/15/2021-16:13:20.018569-3638,3596,4017,2063,2062,1928,0,
03/15/2021-16:13:21.025635-3638,3596,4014,2064,2063,1928,0,
03/15/2021-16:13:22.030161-3639,3595,4016,2064,2063,1930,0,
03/15/2021-16:13:23.037395-3639,3595,4016,2063,2063,1928,0,
03/15/2021-16:13:24.046638-3639,3595,4018,2064,2063,1930,0,
03/15/2021-16:13:25.061943-3639,3595,4018,2063,2063,1928,0,
03/15/2021-16:13:26.081702-3638,3595,4016,2064,2063,1927,0,
03/15/2021-16:13:27.086572-3639,3595,4016,2064,2063,1927,0,
03/15/2021-16:13:28.091204-3638,3596,4016,2064,2063,1929,0,
03/15/2021-16:13:29.097955-3638,3596,4016,2063,2063,1928,0,
03/15/2021-16:13:30.101137-3640,3594,4019,2064,2063,1928,0,
03/15/2021-16:13:31.127687-3642,3597,4016,2064,2063,1929,0,
03/15/2021-16:13:32.135083-3639,3596,4018,2063,2063,1928,0,
03/15/2021-16:13:33.156166-3638,3595,4015,2064,2063,1928,0,
03/15/2021-16:13:34.175710-3638,3596,4020,2063,2063,1928,0,
03/15/2021-16:13:35.184562-3639,3596,4016,2064,2063,1928,0,
03/15/2021-16:13:36.206891-3640,3595,4017,2064,2062,1930,0,
03/15/2021-16:13:37.229838-3640,3596,4016,2064,2064,1928,0,
03/15/2021-16:13:38.241006-3639,3596,4017,2064,2063,1928,0,
03/15/2021-16:13:39.260981-3638,3597,4014,2064,2063,1930,0,
03/15/2021-16:13:40.263660-3639,3596,4016,2064,2064,1931,0,
03/15/2021-16:13:41.275420-3640,3595,4017,2065,2064,1931,0,
03/15/2021-16:13:42.311697-3638,3597,4015,2064,2064,1925,0,
03/15/2021-16:13:43.316433-3640,3594,4016,2063,2063,1927,0,
03/15/2021-16:13:44.324193-3639,3597,4018,2064,2063,1927,0,
03/15/2021-16:13:45.330056-3639,3595,4015,2063,2063,1929,0,
03/15/2021-16:13:46.334683-3639,3595,4018,2063,2063,1927,0,
03/15/2021-16:13:47.342345-3639,3595,4016,2064,2063,1927,0,
03/15/2021-16:13:48.344932-3639,3595,4016,2064,2063,1929,0,
03/15/2021-16:13:49.365579-3639,3596,4018,2064,2063,1928,0,
03/15/2021-16:13:50.377676-3639,3595,4017,2064,2063,1928,0,
03/15/2021-16:13:51.383221-3639,3595,4016,2065,2063,1928,0,
03/15/2021-16:13:52.418025-3638,3597,4015,2064,2064,1928,0,
03/15/2021-16:13:53.422353-3638,3594,4016,2063,2063,1927,0,
03/15/2021-16:13:54.426953-3638,3595,4017,2063,2063,1927,0,
03/15/2021-16:13:55.431728-3639,3595,4018,2063,2063,1928,0,
03/15/2021-16:13:56.436325-3638,3595,4015,2064,2064,1928,0,
03/15/2021-16:13:57.443550-3640,3595,4018,2064,2063,1928,0,
03/15/2021-16:13:58.447869-3639,3595,4015,2064,2063,1927,0,
03/15/2021-16:13:59.450809-3639,3595,4013,2065,2064,1926,0,
03/15/2021-16:14:00.455076-3640,3596,4016,2064,2063,1929,0,
03/15/2021-16:14:01.459508-3640,3596,4018,2064,2063,1929,0,
03/15/2021-16:14:02.464429-3641,3595,4016,2065,2063,1924,0,
03/15/2021-16:14:03.485304-3640,3596,4015,2064,2064,1929,0,
03/15/2021-16:14:04.496028-3640,3596,4015,2065,2064,1929,0,
03/15/2021-16:14:05.532248-3641,3595,4017,2064,2063,1929,0,
03/15/2021-16:14:06.552526-3640,3597,4019,2064,2064,1927,0,
03/15/2021-16:14:07.556532-3641,3597,4017,2064,2063,1927,0,
