03/17/2021-13:52:42.622782-3265,3284,1988,18054,8,1615,31,
03/17/2021-13:53:42.639826-3266,3286,1995,17936,8,1618,36,
03/17/2021-13:54:42.670188-3265,3284,1997,18054,8,1620,33,
03/17/2021-13:55:42.700137-3268,3284,2005,18113,8,1614,39,
03/17/2021-13:56:42.713671-3270,3285,2006,17936,9,1612,32,
03/17/2021-13:57:42.715462-3269,3286,2010,17936,8,1618,31,
03/17/2021-13:58:42.745704-3265,3286,2007,9676,8,1613,32,
03/17/2021-13:59:42.760088-3269,3286,2008,9735,9,1614,29,
03/17/2021-14:00:42.773810-3266,3285,2005,9735,7,1608,39,
03/17/2021-14:01:42.778706-3267,3284,2004,9676,8,1622,18,
03/17/2021-14:02:42.789768-3270,3286,2005,9735,8,1624,19,
03/17/2021-14:03:42.819692-3273,3288,2011,18054,7,1624,30,
03/17/2021-14:04:42.834108-3275,3289,2015,18054,8,1616,22,
03/17/2021-14:05:42.858360-3275,3288,2019,17936,8,1622,34,
03/17/2021-14:06:42.865399-3274,3293,2020,18113,7,1629,24,
03/17/2021-14:07:42.880744-3277,3291,2022,17995,9,1628,53,
03/17/2021-14:08:42.911185-3279,3293,2030,9794,8,1612,41,
03/17/2021-14:09:42.937189-3276,3289,2019,9735,8,1616,31,
03/17/2021-14:10:42.940799-3276,3293,2015,9853,8,1625,10,
03/17/2021-14:11:42.941160-3276,3292,2017,9794,8,1603,38,
03/17/2021-14:12:42.955305-3276,3289,2016,9676,8,1621,41,
03/17/2021-14:13:43.000762-3280,3283,2030,17995,8,1603,19,
03/17/2021-14:14:43.031944-3280,3292,2024,18054,8,1601,30,
03/17/2021-14:15:43.062819-3281,3292,2027,18113,8,1626,26,
03/17/2021-14:16:43.091974-3281,3292,2032,17995,8,1612,56,
03/17/2021-14:17:43.111327-3282,3293,2030,18054,8,1623,21,
03/17/2021-14:18:43.138733-3278,3289,2028,9735,7,1614,29,
03/17/2021-14:19:43.152881-3279,3286,2031,9853,8,1614,28,
03/17/2021-14:20:43.168335-3279,3294,2023,9794,8,1610,29,
03/17/2021-14:21:43.182230-3279,3291,2027,13275,8,1614,29,
03/17/2021-14:22:43.184944-3276,3290,2020,9853,9,1606,42,
03/17/2021-14:23:43.213594-3280,3291,2026,18054,7,1615,30,
03/17/2021-14:24:43.228337-3281,3295,2031,18054,7,1614,39,
03/17/2021-14:25:43.243937-3280,3290,2029,17936,8,1616,31,
03/17/2021-14:26:43.258501-3282,3291,2032,18113,8,1618,35,
03/17/2021-14:27:43.259032-3282,3293,2033,18113,7,1610,36,
03/17/2021-14:28:43.303929-3279,3291,2027,9794,8,1608,33,
03/17/2021-14:29:43.334390-3278,3290,2027,9794,8,1615,31,
03/17/2021-14:30:43.350931-3277,3288,2024,9794,8,1616,25,
03/17/2021-14:31:43.381454-3277,3288,2020,9735,8,1616,27,
03/17/2021-14:32:43.411596-3276,3287,2020,9853,8,1612,33,
03/17/2021-14:33:43.441907-3282,3292,2026,18054,8,1616,34,
03/17/2021-14:34:43.442310-3283,3292,2029,18172,8,1614,29,
03/17/2021-14:35:43.457245-3280,3290,2030,18054,7,1617,30,
03/17/2021-14:36:43.471502-3282,3291,2032,18054,7,1614,28,
03/17/2021-14:37:43.485549-3283,3292,2038,18113,8,1614,29,
03/17/2021-14:38:43.501538-3280,3291,2033,13216,7,1612,30,
03/17/2021-14:39:43.518332-3280,3291,2029,9853,7,1613,34,
03/17/2021-14:40:43.546691-3280,3292,2029,9794,7,1614,33,
03/17/2021-14:41:43.577084-3282,3294,2038,9794,7,1618,30,
03/17/2021-14:42:43.593731-3283,3294,2035,9853,8,1614,29,
03/17/2021-14:43:43.625285-3287,3296,2044,18054,8,1617,30,
03/17/2021-14:44:43.654208-3288,3296,2044,17995,7,1616,32,
03/17/2021-14:45:43.670183-3285,3295,2039,18113,7,1612,29,
03/17/2021-14:46:43.685165-3285,3294,2039,18172,7,1615,27,
03/17/2021-14:47:43.685344-3286,3294,2048,18054,8,1613,28,
03/17/2021-14:48:43.714245-3284,3294,2043,9794,9,1612,27,
03/17/2021-14:49:43.729688-3283,3293,2041,9853,7,1612,27,
03/17/2021-14:50:43.739610-3282,3292,2038,9794,9,1615,27,
03/17/2021-14:51:43.744407-3284,3293,2039,9853,7,1614,30,
03/17/2021-14:52:43.758037-3285,3295,2039,9794,7,1613,29,
03/17/2021-14:53:43.773782-3288,3296,2046,18113,7,1613,31,
03/17/2021-14:54:43.820059-3289,3295,2049,18113,8,1613,28,
03/17/2021-14:55:43.851420-3290,3297,2053,17995,8,1611,29,
03/17/2021-14:56:43.867286-3291,3297,2057,18113,7,1615,28,
03/17/2021-14:57:43.895658-3289,3297,2055,17995,6,1615,31,
03/17/2021-14:58:43.931832-3285,3295,2046,9853,8,1613,26,
03/17/2021-14:59:43.959319-3286,3296,2047,9794,8,1615,27,
03/17/2021-15:00:43.974049-3285,3296,2047,9853,7,1612,31,
03/17/2021-15:01:43.988046-3284,3297,2036,9735,8,1615,26,
03/17/2021-15:02:43.996122-3283,3295,2034,9794,7,1617,25,
03/17/2021-15:03:44.019018-3287,3296,2040,18172,7,1613,27,
03/17/2021-15:04:44.032832-3287,3297,2040,18113,8,1614,33,
03/17/2021-15:05:44.047706-3289,3299,2045,17995,8,1615,30,
03/17/2021-15:06:44.077230-3288,3298,2045,18113,8,1611,31,
03/17/2021-15:07:44.110058-3289,3299,2048,18054,8,1615,28,
03/17/2021-15:08:44.155079-3284,3298,2038,9794,7,1613,29,
03/17/2021-15:09:44.169365-3286,3298,2038,9794,7,1613,29,
03/17/2021-15:10:44.174508-3287,3299,2038,9794,8,1613,29,
03/17/2021-15:11:44.186226-3288,3299,2034,9794,8,1615,26,
03/17/2021-15:12:44.199559-3286,3299,2033,9794,8,1613,29,
03/17/2021-15:13:44.229966-3292,3299,2042,18054,7,1611,27,
03/17/2021-15:14:44.244559-3290,3300,2043,18054,7,1612,32,
03/17/2021-15:15:44.245880-3290,3300,2043,18054,7,1611,32,
03/17/2021-15:16:44.259609-3291,3301,2045,18054,7,1614,24,
03/17/2021-15:17:44.305308-3293,3300,2056,17995,8,1615,23,
03/17/2021-15:18:44.336599-3290,3299,2048,9794,7,1616,20,
03/17/2021-15:19:44.352728-3286,3298,2038,9794,8,1617,24,
03/17/2021-15:20:44.383540-3287,3299,2037,9853,8,1614,29,
03/17/2021-15:21:44.397398-3290,3300,2045,9794,8,1614,27,
03/17/2021-15:22:44.411717-3290,3299,2046,9794,7,1612,29,
03/17/2021-15:23:44.428976-3296,3303,2051,18054,7,1611,33,
03/17/2021-15:24:44.442036-3296,3302,2054,18113,8,1617,27,
03/17/2021-15:25:44.442513-3293,3301,2047,18054,8,1611,37,
03/17/2021-15:26:44.455579-3289,3300,2049,18113,8,1612,29,
03/17/2021-15:27:44.473379-3293,3299,2047,18113,8,1612,29,
03/17/2021-15:28:44.519011-3290,3300,2043,9853,7,1614,25,
03/17/2021-15:29:44.534717-3287,3299,2038,9735,8,1611,28,
03/17/2021-15:30:44.563740-3288,3299,2039,9794,8,1613,26,
03/17/2021-15:31:44.580622-3288,3300,2037,9853,8,1616,28,
03/17/2021-15:32:44.611267-3290,3302,2037,9794,8,1611,31,
03/17/2021-15:33:44.640183-3293,3303,2043,17995,8,1610,31,
03/17/2021-15:34:44.655256-3293,3303,2045,18172,8,1612,27,
03/17/2021-15:35:44.655719-3289,3299,2046,18172,8,1616,28,
03/17/2021-15:36:44.670475-3292,3300,2049,18113,8,1609,30,
03/17/2021-15:37:44.685151-3292,3301,2051,17995,8,1613,32,
03/17/2021-15:38:44.715749-3288,3300,2041,9794,8,1610,31,
03/17/2021-15:39:44.744725-3290,3302,2040,9853,7,1616,35,
03/17/2021-15:40:44.761973-3288,3300,2037,9794,8,1611,25,
03/17/2021-15:41:44.791732-3287,3300,2036,9794,9,1610,23,
03/17/2021-15:42:44.806748-3288,3300,2035,9794,8,1611,23,
03/17/2021-15:43:44.827474-3293,3303,2043,18113,7,1607,31,
03/17/2021-15:44:44.837671-3293,3302,2043,17995,8,1611,23,
03/17/2021-15:45:44.850954-3292,3301,2042,18113,8,1612,34,
03/17/2021-15:46:44.866718-3292,3302,2042,18113,8,1614,31,
03/17/2021-15:47:44.876591-3295,3303,2051,18113,6,1608,35,
03/17/2021-15:48:44.899018-3289,3301,2043,9853,7,1611,25,
03/17/2021-15:49:44.910869-3292,3302,2042,9794,8,1611,32,
03/17/2021-15:50:44.942752-3289,3300,2040,9794,8,1612,31,
03/17/2021-15:51:44.975840-3288,3300,2037,9794,8,1616,23,
03/17/2021-15:52:45.005259-3288,3300,2036,9794,7,1612,28,
03/17/2021-15:53:45.035044-3293,3301,2045,18172,8,1610,26,
03/17/2021-15:54:45.048357-3290,3300,2040,17995,8,1617,27,
03/17/2021-15:55:45.056168-3291,3300,2045,18113,8,1613,31,
03/17/2021-15:56:45.064107-3291,3300,2049,18113,8,1609,44,
03/17/2021-15:57:45.078609-3292,3301,2048,18113,7,1604,33,
03/17/2021-15:58:45.094457-3286,3298,2038,9794,7,1616,27,
03/17/2021-15:59:45.123601-3287,3300,2038,9794,8,1608,23,
03/17/2021-16:00:45.125087-3289,3301,2039,9794,8,1615,25,
03/17/2021-16:01:45.169651-3287,3299,2037,9794,7,1607,28,
03/17/2021-16:02:45.186264-3289,3300,2038,9676,8,1612,22,
03/17/2021-16:03:45.215148-3291,3301,2043,18054,8,1613,34,
03/17/2021-16:04:45.215780-3291,3301,2045,18054,7,1615,23,
03/17/2021-16:05:45.230491-3292,3301,2046,17995,8,1610,41,
03/17/2021-16:06:45.244465-3292,3301,2048,18113,7,1617,16,
03/17/2021-16:07:45.259663-3291,3302,2052,18054,8,1618,23,
03/17/2021-16:08:45.275890-3290,3301,2048,9794,8,1610,17,
03/17/2021-16:09:45.290364-3290,3301,2041,9794,7,1620,24,
03/17/2021-16:10:45.290454-3290,3301,2039,9794,8,1613,21,
03/17/2021-16:11:45.318931-3290,3298,2047,9794,8,1617,34,
03/17/2021-16:12:45.334521-3289,3299,2046,9853,6,1610,36,
03/17/2021-16:13:45.352178-3291,3301,2044,17995,8,1611,39,
03/17/2021-16:14:45.396956-3292,3300,2045,18172,8,1615,18,
03/17/2021-16:15:45.426731-3292,3301,2044,18054,8,1606,48,
03/17/2021-16:16:45.442999-3294,3302,2051,18054,8,1618,17,
03/17/2021-16:17:45.474170-3293,3302,2050,18054,8,1619,28,
03/17/2021-16:18:45.489830-3291,3301,2052,9794,7,1618,27,
03/17/2021-16:19:45.502504-3287,3300,2039,9912,7,1605,37,
03/17/2021-16:20:45.512730-3288,3299,2041,9853,8,1617,31,
03/17/2021-16:21:45.517996-3286,3298,2040,9794,7,1618,35,
03/17/2021-16:22:45.518540-3288,3301,2038,9794,7,1616,15,
03/17/2021-16:23:45.562348-3291,3302,2041,18054,7,1620,21,
03/17/2021-16:24:45.577853-3294,3301,2053,18113,7,1605,42,
03/17/2021-16:25:45.594680-3294,3302,2047,18113,8,1617,19,
03/17/2021-16:26:45.625096-3295,3303,2059,18113,7,1605,36,
03/17/2021-16:27:45.639220-3293,3301,2052,18054,7,1610,45,
03/17/2021-16:28:45.677460-3287,3298,2044,9794,8,1613,43,
03/17/2021-16:29:45.687116-3288,3300,2044,9794,8,1618,20,
03/17/2021-16:30:45.700602-3286,3298,2045,9794,7,1608,30,
03/17/2021-16:31:45.714679-3287,3298,2040,9735,7,1605,24,
03/17/2021-16:32:45.728885-3286,3298,2039,9794,8,1612,34,
03/17/2021-16:33:45.745239-3292,3301,2049,18113,7,1605,34,
03/17/2021-16:34:45.775486-3292,3302,2053,18054,8,1605,35,
03/17/2021-16:35:45.805920-3292,3300,2051,18231,7,1618,26,
03/17/2021-16:36:45.838610-3292,3302,2053,18113,8,1605,38,
03/17/2021-16:37:45.867614-3291,3302,2051,18113,8,1615,30,
03/17/2021-16:38:45.897648-3283,3299,2044,9794,7,1614,39,
03/17/2021-16:39:45.912798-3287,3299,2045,9794,8,1613,36,
03/17/2021-16:40:45.936806-3288,3300,2044,9794,8,1606,31,
03/17/2021-16:41:45.943138-3288,3300,2040,9794,8,1611,17,
03/17/2021-16:42:45.958231-3288,3300,2040,9853,8,1610,18,
03/17/2021-16:43:45.988113-3291,3301,2049,18054,8,1617,22,
03/17/2021-16:44:46.018166-3291,3299,2046,18054,7,1607,25,
03/17/2021-16:45:46.050199-3292,3300,2053,18113,8,1614,22,
03/17/2021-16:46:46.063866-3291,3300,2055,18054,7,1616,22,
03/17/2021-16:47:46.079367-3293,3299,2057,18054,7,1602,33,
03/17/2021-16:48:46.116325-3286,3298,2046,9794,8,1615,23,
03/17/2021-16:49:46.126291-3286,3298,2043,9794,8,1614,35,
03/17/2021-16:50:46.140384-3290,3299,2045,9794,7,1616,28,
03/17/2021-16:51:46.141444-3286,3298,2040,9794,7,1607,27,
03/17/2021-16:52:46.155029-3288,3300,2045,9853,8,1615,26,
03/17/2021-16:53:46.171221-3292,3301,2048,18113,7,1605,40,
03/17/2021-16:54:46.185254-3291,3303,2052,17995,7,1604,40,
03/17/2021-16:55:46.200501-3289,3299,2049,18172,7,1608,28,
03/17/2021-16:56:46.214711-3292,3301,2050,18113,7,1614,38,
03/17/2021-16:57:46.246042-3290,3300,2052,18054,8,1609,30,
03/17/2021-16:58:46.292280-3286,3299,2045,9853,7,1611,20,
03/17/2021-16:59:46.322717-3288,3299,2047,9794,7,1617,24,
03/17/2021-17:00:46.336953-3287,3299,2045,9912,7,1609,41,
03/17/2021-17:01:46.337844-3294,3303,2049,13275,7,1608,37,
03/17/2021-17:02:46.352817-3289,3301,2041,9794,8,1619,28,
03/17/2021-17:03:46.382216-3298,3306,2051,18113,7,1611,29,
03/17/2021-17:04:46.396953-3295,3304,2049,18054,7,1608,37,
03/17/2021-17:05:46.407851-3293,3303,2054,18113,7,1621,10,
03/17/2021-17:06:46.413196-3292,3303,2052,18113,8,1603,42,
03/17/2021-17:07:46.426671-3292,3300,2051,18054,7,1612,19,
03/17/2021-17:08:46.473128-3287,3300,2043,9794,7,1609,37,
03/17/2021-17:09:46.487626-3286,3300,2042,9794,8,1622,14,
03/17/2021-17:10:46.520113-3286,3299,2041,9794,8,1608,22,
03/17/2021-17:11:46.550934-3286,3300,2040,9794,7,1617,24,
03/17/2021-17:12:46.564277-3284,3297,2036,9794,7,1614,18,
03/17/2021-17:13:46.595640-3290,3299,2049,17995,8,1611,24,
03/17/2021-17:14:46.595784-3287,3297,2046,14219,8,1603,39,
03/17/2021-17:15:46.610490-3288,3299,2044,14809,8,1607,23,
03/17/2021-17:16:46.624236-3286,3298,2042,12036,7,1620,24,
03/17/2021-17:17:46.650052-3290,3302,2044,12095,8,1605,19,
03/17/2021-17:18:46.672518-3287,3299,2038,9263,8,1619,25,
03/17/2021-17:19:46.686259-3288,3299,2039,9794,7,1612,44,
03/17/2021-17:20:46.716321-3289,3302,2034,9794,8,1615,26,
03/17/2021-17:21:46.747128-3288,3302,2031,7021,8,1607,23,
03/17/2021-17:22:46.777286-3285,3298,2026,8142,8,1611,40,
03/17/2021-17:23:46.809250-3286,3301,2023,7552,8,1607,31,
03/17/2021-17:24:46.823135-3286,3300,2024,7021,8,1615,35,
03/17/2021-17:25:46.828535-3289,3302,2027,8201,8,1611,33,
