03/16/2021-17:12:44.994047-3274,3284,2003,17995,9,1613,36,
03/16/2021-17:13:45.024793-3276,3285,2009,18054,9,1617,29,
03/16/2021-17:14:45.055504-3272,3283,2012,18113,7,1617,29,
03/16/2021-17:15:45.056661-3272,3282,2011,18054,8,1614,36,
03/16/2021-17:16:45.069207-3271,3282,2017,18054,8,1619,28,
03/16/2021-17:17:45.099773-3272,3283,2017,18172,9,1616,34,
03/16/2021-17:18:45.110125-3273,3285,2019,18113,8,1611,38,
03/16/2021-17:19:45.131207-3275,3286,2020,18172,8,1616,30,
03/16/2021-17:20:45.145687-3275,3286,2025,16461,8,1614,32,
03/16/2021-17:21:45.176301-3274,3288,2020,10325,9,1617,30,
03/16/2021-17:22:45.193547-3274,3287,2020,13098,8,1614,30,
03/16/2021-17:23:45.222849-3273,3286,2018,10325,8,1613,26,
03/16/2021-17:24:45.232695-3274,3287,2015,10325,8,1617,31,
03/16/2021-17:25:45.239323-3274,3287,2014,9794,8,1618,32,
03/16/2021-17:26:45.261353-3271,3285,2010,9204,9,1613,36,
03/16/2021-17:27:45.272664-3273,3287,2010,7788,8,1609,38,
03/16/2021-17:28:45.287691-3274,3287,2007,8142,8,1613,32,
03/16/2021-17:29:45.304816-3274,3288,2004,6490,8,1609,49,
03/16/2021-17:30:45.332284-3273,3289,2001,2183,8,1616,30,
