03/16/2021-15:06:26.304587-3272,3295,3332,61,393,2010,0,
03/16/2021-15:06:27.317965-3269,3294,3331,0,391,2014,0,
03/16/2021-15:06:28.328025-3270,3293,3330,0,392,2011,0,
03/16/2021-15:06:29.347457-3269,3293,3330,0,392,2012,0,
03/16/2021-15:06:30.367393-3270,3293,3329,0,391,2010,0,
03/16/2021-15:06:31.370979-3274,3297,1957,9028,393,2012,0,
03/16/2021-15:06:32.375412-3275,3297,1958,9028,392,2013,0,
03/16/2021-15:06:33.379800-3274,3296,1961,8967,394,2010,0,
03/16/2021-15:06:34.383174-3274,3297,1958,8967,393,2012,0,
03/16/2021-15:06:35.418347-3275,3296,1961,9028,393,2012,0,
03/16/2021-15:06:36.423165-3275,3295,1959,9089,393,2011,0,
03/16/2021-15:06:37.426596-3274,3295,1960,9028,393,2015,0,
03/16/2021-15:06:38.440391-3274,3295,1960,9028,393,2012,0,
03/16/2021-15:06:39.449002-3275,3295,1960,8967,393,2012,0,
03/16/2021-15:06:41.113003-3269,3290,3327,0,391,2011,0,
03/16/2021-15:06:42.130886-3270,3291,3326,0,392,2013,0,
03/16/2021-15:06:43.134640-3270,3290,3326,0,392,2014,0,
03/16/2021-15:06:44.139258-3269,3290,3326,0,391,2013,0,
03/16/2021-15:06:45.143516-3269,3291,3325,0,392,2011,0,
03/16/2021-15:06:46.148024-3270,3290,3325,0,391,2011,0,
03/16/2021-15:06:47.151319-3270,3290,3325,0,392,2012,0,
03/16/2021-15:06:48.187697-3269,3290,3325,0,392,2011,0,
03/16/2021-15:06:49.190730-3270,3291,3325,0,392,2011,0,
03/16/2021-15:06:50.195430-3270,3290,3325,0,390,2012,0,
03/16/2021-15:06:51.198936-3268,3288,3320,0,0,2010,0,
03/16/2021-15:06:52.215388-3269,3288,3319,0,0,2010,0,
03/16/2021-15:06:53.236814-3269,3286,3319,0,0,2011,0,
03/16/2021-15:06:54.240876-3268,3286,3320,0,0,2012,0,
03/16/2021-15:06:55.245572-3269,3287,3319,0,0,2012,0,
03/16/2021-15:06:56.248158-3269,3287,3319,0,0,2012,0,
03/16/2021-15:06:57.253134-3268,3288,3319,0,0,2011,0,
03/16/2021-15:06:58.258170-3269,3287,3318,0,0,2011,0,
03/16/2021-15:06:59.293086-3269,3287,3319,0,0,2012,0,
03/16/2021-15:07:00.296567-3269,3287,3318,0,0,2011,0,
03/16/2021-15:07:01.301269-3272,3289,3322,0,392,2012,0,
03/16/2021-15:07:02.304548-3272,3290,3321,0,392,2013,0,
03/16/2021-15:07:03.322809-3272,3289,3321,0,392,2012,0,
03/16/2021-15:07:04.342909-3272,3289,3321,0,391,2011,0,
03/16/2021-15:07:05.346661-3272,3289,3321,0,391,2014,0,
03/16/2021-15:07:06.352098-3273,3289,3321,0,392,2012,0,
03/16/2021-15:07:07.355377-3273,3289,3321,0,392,2013,0,
03/16/2021-15:07:08.360223-3273,3288,3320,0,392,2013,0,
03/16/2021-15:07:09.378608-3272,3288,3319,0,392,2013,0,
03/16/2021-15:07:10.399563-3272,3288,3319,0,392,2013,0,
03/16/2021-15:07:11.402439-3278,3292,1954,9028,392,2013,0,
03/16/2021-15:07:12.407296-3278,3292,1956,9028,393,2015,0,
03/16/2021-15:07:13.422279-3278,3292,1958,9028,393,2013,0,
03/16/2021-15:07:14.444418-3278,3291,1956,9089,393,2015,0,
03/16/2021-15:07:15.464182-3278,3292,1959,8967,393,2014,0,
03/16/2021-15:07:16.466869-3278,3291,1956,9028,392,2012,0,
03/16/2021-15:07:17.472237-3278,3291,1958,9028,393,2012,0,
03/16/2021-15:07:18.476774-3278,3291,1959,9028,393,2013,0,
03/16/2021-15:07:19.495614-3279,3291,1958,8967,393,2012,0,
03/16/2021-15:07:20.516145-3277,3291,2302,6710,391,2014,0,
03/16/2021-15:07:21.519372-3274,3288,3317,0,391,2013,0,
03/16/2021-15:07:22.524516-3273,3288,3317,0,392,2013,0,
03/16/2021-15:07:23.528635-3274,3288,3317,0,391,2012,0,
03/16/2021-15:07:24.545032-3274,3288,3316,0,391,2013,0,
03/16/2021-15:07:25.565656-3274,3288,3317,0,392,2013,0,
03/16/2021-15:07:26.570058-3273,3288,3316,61,392,2012,0,
03/16/2021-15:07:27.573361-3274,3288,3317,0,391,2013,0,
03/16/2021-15:07:28.579655-3274,3288,3316,0,391,2012,0,
03/16/2021-15:07:29.581265-3275,3288,3316,0,391,2014,0,
03/16/2021-15:07:30.603219-3273,3285,3312,0,4,2014,0,
03/16/2021-15:07:31.637023-3274,3285,3313,0,0,2012,0,
03/16/2021-15:07:32.641545-3274,3285,3313,0,0,2013,0,
03/16/2021-15:07:33.646663-3274,3285,3312,0,0,2011,0,
03/16/2021-15:07:34.649776-3274,3286,3312,61,0,2014,0,
03/16/2021-15:07:35.667815-3275,3286,3312,0,0,2011,0,
03/16/2021-15:07:36.670598-3275,3286,3313,0,0,2013,0,
03/16/2021-15:07:37.675246-3274,3286,3312,0,0,2013,0,
03/16/2021-15:07:38.679830-3275,3286,3313,0,0,2012,0,
03/16/2021-15:07:39.683806-3275,3285,3312,0,0,2012,0,
03/16/2021-15:07:40.688033-3278,3289,3315,0,392,2013,0,
03/16/2021-15:07:41.723664-3278,3289,3315,0,392,2013,0,
03/16/2021-15:07:42.743786-3277,3288,3315,0,391,2013,0,
03/16/2021-15:07:43.747096-3277,3288,3315,0,392,2013,0,
03/16/2021-15:07:44.751346-3278,3288,3315,0,391,2013,0,
03/16/2021-15:07:45.754668-3278,3289,3315,0,392,2014,0,
03/16/2021-15:07:46.773626-3279,3288,3314,0,391,2012,0,
03/16/2021-15:07:47.793889-3278,3289,3314,0,391,2012,0,
03/16/2021-15:07:48.798005-3279,3288,3314,0,392,2013,0,
03/16/2021-15:07:49.800772-3279,3288,3314,0,392,2013,0,
03/16/2021-15:07:50.806228-3284,3292,1952,9028,393,2012,0,
03/16/2021-15:07:51.823922-3284,3292,1954,9028,393,2012,0,
03/16/2021-15:07:52.844487-3284,3292,1955,9028,392,2013,0,
03/16/2021-15:07:53.848396-3284,3292,1956,9028,393,2012,0,
03/16/2021-15:07:54.853294-3284,3292,1955,9028,392,2013,0,
03/16/2021-15:07:55.858011-3284,3292,1956,9028,392,2015,0,
03/16/2021-15:07:56.873644-3285,3293,1956,9028,393,2012,0,
03/16/2021-15:07:57.895201-3285,3292,1957,8967,393,2013,0,
03/16/2021-15:07:58.897813-3285,3292,1956,9028,392,2012,0,
03/16/2021-15:07:59.902949-3285,3292,1956,9028,392,2014,0,
